2.000000000000000000e+00
1.620000000000000000e+02
8.480000000000000000e+02
3.270000000000000000e+02
4.461000000000000000e+03
4.462000000000000000e+03
6.264000000000000000e+03
1.470000000000000000e+02
4.900000000000000000e+01
8.480000000000000000e+02
1.718000000000000000e+03
2.943000000000000000e+03
1.718000000000000000e+03
6.265000000000000000e+03
6.266000000000000000e+03
2.100000000000000000e+02
4.463000000000000000e+03
4.464000000000000000e+03
3.000000000000000000e+00
0.000000000000000000e+00
0.000000000000000000e+00
0.000000000000000000e+00
0.000000000000000000e+00
0.000000000000000000e+00
0.000000000000000000e+00
0.000000000000000000e+00
0.000000000000000000e+00
0.000000000000000000e+00
0.000000000000000000e+00
0.000000000000000000e+00
0.000000000000000000e+00
0.000000000000000000e+00
0.000000000000000000e+00
0.000000000000000000e+00
0.000000000000000000e+00
0.000000000000000000e+00
0.000000000000000000e+00
0.000000000000000000e+00
0.000000000000000000e+00
0.000000000000000000e+00
0.000000000000000000e+00
0.000000000000000000e+00
0.000000000000000000e+00
0.000000000000000000e+00
0.000000000000000000e+00
0.000000000000000000e+00
0.000000000000000000e+00
0.000000000000000000e+00
0.000000000000000000e+00
0.000000000000000000e+00
